10
6 6
989 -584 -714 -203 903 323
391 -468 -290 738 847 -50
6 6
688 -337 -284 -487 750 -175
433 -974 -627 -847 375 -35
6 6
373 -510 442 -632 126 -99
203 796 927 634 44 562
6 6
-362 252 171 528 682 481
233 142 187 -571 28 -883
6 6
-667 857 983 383 -197 -664
269 -891 -292 877 371 -33
6 6
-283 994 -99 -154 -236 435
206 -595 -924 805 133 877
6 6
53 123 -751 613 10 -980
939 761 -559 -380 697 348
6 6
-968 -893 -583 -256 636 551
538 -882 137 -252 750 -498
6 6
705 492 688 640 -739 -282
-447 892 492 -67 -612 -5
6 6
-641 439 322 496 -917 600
247 379 841 190 -443 166
